$ANSIBLE_VAULT;1.1;AES256
32633134663463666362393039336134623062376631336265376537323630616461356265323830
3064376435636234323562633238316335323230313362630a373039353735313137373261643231
32383636623432663963303365633739336136656335326133656538323937653063636463666634
3737306561353463640a626638666465306263353363356231623561633236653262313134396261
39623638363964623032663934646138623736393630356438316265343235333761666534393762
34616435356436366239613834306337393536613562613838633530303738326535666635373934
38393161653965656237643466353933653339633939383062356134316564323039393539336437
32636161313161323838653938613736343565366634326366323564393764356339353536353130
61363935656563363831333566333831343733636132383035636535333361363830623861373262
62636338376338306362343030633436626531616235666464346666323163323664623462623838
37393862386430383365353934333937663665396632653263396437306134316333363262396335
63323530356636383639653030623334393761373362346230626237376565373739313138383462
63393233633938643432663331653161366230613462626435333464333536643438653335663730
61303335386537333138613964633039383762613661373364363839363335356130326461363833
64323866333435643066303566356334633030663033633434366335313135363232373663363630
62366631626361376237303161303863303866616637623730366232383837616433656137663232
32653561316564323235353535663039613433303066616636643332653263313562663935613536
34343361346230343962316464386337656132386361333936643833646135666530336162613432
31353833323932623437383133313863376131383130323565623135366331323464343861343138
31386462643065656361303738396135326338383333306566646137656438646232646436346136
66393538613564323039646434356631376137616661663063383438336635303264346630656366
64323930303364396337376639616532393165343831376365336432643166366161373364636434
30373266626338383665653034643062646362613739633037666537656463386638363063663462
34636166306435636531
