$ANSIBLE_VAULT;1.1;AES256
32663735346335303761653731393439656137346665626330393262343166303234626663373832
3061376537633933333862653663313732333830653731370a626363653432613365363666613864
63643863616434313932343836393932383564386464363931656161636263386366356238653861
3061626466663734650a316233316333353561623562363164333066356666353436313835373234
61613130623063343231656634313533366133353636303532383634663866343730306233653165
37376561393564303439373333396139343439653533303630306362363334333666323663323535
63613538396430366165346338346231323664306235616630343962323266346134386365623335
65616564323837666534383635633162393161313265633835613863613764383938313764353565
65336363633637323436633038373734303338306131666261633430326238306239393763356539
31336365353062336662333331613039306230643965623233626231653761333664353862306665
34626231663565376533303933633033393266373664346465353932323164356364616563373139
34323330613638353230
