$ANSIBLE_VAULT;1.1;AES256
66326536393766343161393535386162633766633837336639376532343032373036346536303231
3864373833336361323530356466633432616361323631370a623631326536343031613630323836
37393939353965313263383865373433313235326437663838623262613530363737613861363464
3964353938316566390a643131393030333233656562333632343366613263623362366230633132
30633339376536393437653634306163623035386530343230356362626661373566643763646565
33336164663362386561363865353139613233333262666138323737333230323962396430653931
61643264613065616163653064303231353236356664666264396438386631353563393732633664
35666465363836363135656630636437393861383535323936666564356634336538323136646332
61336561613437383630316166366331646630353630613239636133666534346161303330643133
33653732393164633430393732666334643565656562316365393334616632653065393666373039
63623936393263643832643637356635393636376533353532366565363138616438316539623931
63383436383362653630656266313364386433323761346535386333656335336138323461613264
32633331313430313739323461653461393337363464353561626430383264613561643931636535
34653566316262386466313439636235656362636535313038373461346464353033643361393135
64373765636362626433396539653739356631326234393930646530336131353438656666653938
31393439616263313539376365393636393136316661313564313235303134366133626562376562
38623034666263623632313237313539666536626362666564346231343335326433303734636565
32316261643064316234366130313834376431666562316133303330613561663835356434373233
30656335613863646461646331636338363731613635643832326532343534643964626138623666
39363662643231373064346161323938363434623433643365313365356161303063303062623533
38373466353139386365353337626234666237626161343736623439653934393935326534396331
39343237643331326230666636313663383739353739383232346232333632393763666135333934
36643731326630663664373766633836613436343038353534356438366465656630393163633865
32666134616335366466646339656136366464653834636634643335393437643563663133656164
30343737373462653430653230353434616663363965313765626563343237333337313736643639
3032306362356466323035623734393433386563623935326564
