$ANSIBLE_VAULT;1.1;AES256
36653865336237613461643364303466633438636534313837363730363638323563343738636238
6261386531643363643431626262306431643236306130330a643063643964663031656432376230
65313864373966613632373537343537303537393565386466663332343761646537643039343037
3461333964376631380a653161396234393539326461343266326262626461323765336166333766
38373832623933363963613162343965653464646463633630363262363766393330643566613565
36636336333732366634323236356637663235613562653764343535626338306238636562353962
35656565366633396230333639666431303131666536663334643664643632613433336233326133
31653230303764383034326631633064376465393034336139383330316436383433303534616363
65303564333837303861613730666262383237346536393531343035336234346663623661323566
63393535393931666333356537343138353932353238626539316166663462636166356530346530
65323839373638333161613131666432356139353130666230383432666231303066373538313034
65656631353439663638643630396262633263313966323464356132383864333463306131336164
31396231383533313536333564643830346561653838363034326633373166646339333130656531
34666236666363373838616361616364366362386239643664393137313334383337333438633933
32633337383032643631346133636638356435386363363162623637623864333030643636666536
63623136373530643066373532313463653833313731356235373532356433343462393634356264
34656135643361663866396564643632656431373636623562613739313136633466663539303437
62353233313039313330373762383239656431616536623935626439363666373730343033613638
32393063326533343666623735316566653339366536646131643361356661343237356435363838
65313730626563363931393432333932303864373365323232306664316330373362663033383435
38343830313466363062343539303032666237633635636433386364333835646430666366656564
61616365313137323437626135626233336533623565646634396262653730633932363465316337
37396230353132363834663733346331303538303631633432343836393664623266616239343262
37393937326236643234
