$ANSIBLE_VAULT;1.1;AES256
64343037363963636164616538386566346637353961623061306632326663623432363537623534
6462393535643834633833663334353964343135303831610a353964303638383961326634393262
62653732613931313534383737393365656135386630623732666638666133353231306131633766
6239306566383533320a316630636436666239313733666663363130363432353062316637393539
33643666613139363930623738666533363565306237383439323631666462356335303034393862
35623165316231346564373866376334653034653931393538376661636161373435343836363038
34643534363939613866313430613566303063643665386661323864663831643136306666656161
62326437353831343637313466303961643564303836363861633562306533373766383261643430
36623632666262626330656635626431343033396433373936626635376435353337653030363332
33643430393234383933373639633032333337613665633034643762366535663162313164653131
39333265346163393666643661383639386132656336633664343335613539663934363630303037
32303930316463306464396433323836346530393736353435623531333935646437633935306434
34353634643135643134613930626438346262626461323133386435656533663865616532316633
36376436643634646264663334333534636630633636623633626235663138663835323131663466
34343733316634353966363335666161346538373239623639343762333164623065653734333638
30333535363838396666353338363930383264626231653061393638623334626564636633613264
32313063623932653361643739313463663562306363323236666235663762623231343261613230
64373163646138303761646430353565376331343133373739303462303039623338653638313263
35383635376165623361383964373736343936353162636331303664333662653963393062366635
65396162626630393938386134353461636166653034656461626466316562616630636635633535
37366265636562366237636362346339326430623836363332303062663064343739303364303534
33353937376333363666616165303937323334653563383630313036316533373536626665343430
61376564336163326537656335346335346531343064373439383131313835646165313262633138
34643666623734313262646131396636363566336132366436633663363438653031613962643832
66353036363737663339663237613735383462373130653433616666313461623333303930366231
3737613735343130656361313430383731313866356433626434
